time0: 89.6181
time1: 253.056
time2: 5.90611
time3: 21.995
time4: 0.0876371
time_makePD: 0
totalTime: 375.278
total iter: 2124
frames: 101
totalCollisionNum: 4.44583e+06
averageCollision: 2093.14
maxCOllisionPairNum: 5289
totalCgTime: 99074
