time0: 2018.96
time1: 637.657
time2: 556.838
time3: 3287.41
time4: 0.928879
time_makePD: 0
totalTime: 6502.51
total iter: 46852
frames: 938
totalCollisionNum: 433204
averageCollision: 9.24622
maxCOllisionPairNum: 160
totalCgTime: 537819
